n = 11
363 = 3 * 11^2 [2, 10, 5, 11, 1, 3, 4, 6, 7, 8, 9]
484 = 2^2 * 11^2 [11, 10, 7, 4, 1, 2, 3, 5, 6, 8, 9]
n = 12
432 = 2^4 * 3^3 [1, 11, 3, 12, 2, 4, 5, 6, 7, 8, 9, 10]
576 = 2^6 * 3^2 [10, 8, 12, 9, 11, 1, 2, 3, 4, 5, 6, 7]
n = 13
676 = 2^2 * 13^2 [13, 9, 2, 10, 11, 12, 1, 3, 4, 5, 6, 7, 8]
507 = 3 * 13^2 [1, 11, 4, 12, 2, 13, 3, 5, 6, 7, 8, 9, 10]
n = 14
784 = 2^4 * 7^2 [7, 12, 1, 13, 14, 2, 3, 4, 5, 6, 8, 9, 10, 11]
980 = 2^2 * 5 * 7^2 [14, 13, 8, 4, 1, 2, 3, 5, 6, 7, 9, 10, 11, 12]
n = 15
1125 = 3^2 * 5^3 [2, 5, 7, 6, 8, 9, 10, 11, 12, 13, 14, 15, 1, 3, 4]
900 = 2^2 * 3^2 * 5^2 [15, 2, 11, 4, 3, 5, 6, 7, 8, 9, 10, 12, 13, 14, 1]
n = 16
1280 = 2^8 * 5 [16, 7, 12, 8, 9, 10, 11, 13, 14, 15, 1, 2, 3, 4, 5, 6]
1024 = 2^10 [1, 14, 8, 15, 2, 16, 3, 4, 5, 6, 7, 9, 10, 11, 12, 13]
n = 17
1445 = 5 * 17^2 [11, 16, 3, 17, 1, 2, 4, 5, 6, 7, 8, 9, 10, 12, 13, 14, 15]
1156 = 2^2 * 17^2 [4, 15, 3, 16, 1, 17, 2, 5, 6, 7, 8, 9, 10, 11, 12, 13, 14]
n = 18
1944 = 2^3 * 3^5 [14, 13, 17, 15, 16, 18, 1, 2, 3, 4, 5, 6, 7, 8, 9, 10, 11, 12]
1620 = 2^2 * 3^4 * 5 [1, 15, 3, 18, 16, 17, 2, 4, 5, 6, 7, 8, 9, 10, 11, 12, 13, 14]
n = 19
2166 = 2 * 3 * 19^2 [2, 14, 15, 16, 17, 18, 19, 1, 3, 4, 5, 6, 7, 8, 9, 10, 11, 12, 13]
1805 = 5 * 19^2 [8, 17, 6, 18, 1, 19, 2, 3, 4, 5, 7, 9, 10, 11, 12, 13, 14, 15, 16]
n = 20
2400 = 2^5 * 3 * 5^2 [19, 3, 6, 4, 5, 7, 8, 9, 10, 11, 12, 13, 14, 15, 16, 17, 18, 20, 1, 2]
2800 = 2^4 * 5^2 * 7 [20, 19, 12, 5, 1, 2, 3, 4, 6, 7, 8, 9, 10, 11, 13, 14, 15, 16, 17, 18]
n = 21
2646 = 2 * 3^3 * 7^2 [7, 19, 1, 20, 21, 2, 3, 4, 5, 6, 8, 9, 10, 11, 12, 13, 14, 15, 16, 17, 18]
3087 = 3^2 * 7^3 [2, 5, 8, 6, 7, 9, 10, 11, 12, 13, 14, 15, 16, 17, 18, 19, 20, 21, 1, 3, 4]
n = 22
3388 = 2^2 * 7 * 11^2 [5, 22, 8, 1, 2, 3, 4, 6, 7, 9, 10, 11, 12, 13, 14, 15, 16, 17, 18, 19, 20, 21]
2904 = 2^3 * 3 * 11^2 [1, 21, 6, 2, 22, 3, 4, 5, 7, 8, 9, 10, 11, 12, 13, 14, 15, 16, 17, 18, 19, 20]
n = 23
3703 = 7 * 23^2 [2, 17, 5, 18, 19, 20, 21, 22, 23, 1, 3, 4, 6, 7, 8, 9, 10, 11, 12, 13, 14, 15, 16]
4232 = 2^3 * 23^2 [23, 22, 13, 6, 1, 2, 3, 4, 5, 7, 8, 9, 10, 11, 12, 14, 15, 16, 17, 18, 19, 20, 21]
n = 24
4608 = 2^9 * 3^2 [2, 6, 8, 7, 9, 10, 11, 12, 13, 14, 15, 16, 17, 18, 19, 20, 21, 22, 23, 24, 1, 3, 4, 5]
4032 = 2^6 * 3^2 * 7 [8, 23, 4, 24, 1, 2, 3, 5, 6, 7, 9, 10, 11, 12, 13, 14, 15, 16, 17, 18, 19, 20, 21, 22]
n = 25
4375 = 5^4 * 7 [5, 24, 2, 25, 1, 3, 4, 6, 7, 8, 9, 10, 11, 12, 13, 14, 15, 16, 17, 18, 19, 20, 21, 22, 23]
5000 = 2^3 * 5^4 [6, 25, 8, 1, 2, 3, 4, 5, 7, 9, 10, 11, 12, 13, 14, 15, 16, 17, 18, 19, 20, 21, 22, 23, 24]
n = 26
5408 = 2^5 * 13^2 [16, 22, 1, 23, 24, 25, 26, 2, 3, 4, 5, 6, 7, 8, 9, 10, 11, 12, 13, 14, 15, 17, 18, 19, 20, 21]
4732 = 2^2 * 7 * 13^2 [2, 25, 5, 16, 1, 26, 3, 4, 6, 7, 8, 9, 10, 11, 12, 13, 14, 15, 17, 18, 19, 20, 21, 22, 23, 24]
n = 27
6561 = 3^8 [22, 21, 26, 24, 23, 25, 27, 1, 2, 3, 4, 5, 6, 7, 8, 9, 10, 11, 12, 13, 14, 15, 16, 17, 18, 19, 20]
5832 = 2^3 * 3^6 [7, 25, 10, 1, 26, 27, 2, 3, 4, 5, 6, 8, 9, 11, 12, 13, 14, 15, 16, 17, 18, 19, 20, 21, 22, 23, 24]
n = 28
7056 = 2^4 * 3^2 * 7^2 [2, 19, 22, 20, 21, 23, 24, 25, 26, 27, 28, 1, 3, 4, 5, 6, 7, 8, 9, 10, 11, 12, 13, 14, 15, 16, 17, 18]
6272 = 2^7 * 7^2 [5, 27, 3, 28, 1, 2, 4, 6, 7, 8, 9, 10, 11, 12, 13, 14, 15, 16, 17, 18, 19, 20, 21, 22, 23, 24, 25, 26]
n = 29
7569 = 3^2 * 29^2 [19, 28, 6, 29, 1, 2, 3, 4, 5, 7, 8, 9, 10, 11, 12, 13, 14, 15, 16, 17, 18, 20, 21, 22, 23, 24, 25, 26, 27]
6728 = 2^3 * 29^2 [2, 27, 16, 29, 1, 28, 3, 4, 5, 6, 7, 8, 9, 10, 11, 12, 13, 14, 15, 17, 18, 19, 20, 21, 22, 23, 24, 25, 26]
n = 30
9000 = 2^3 * 3^2 * 5^3 [27, 25, 29, 26, 28, 30, 1, 2, 3, 4, 5, 6, 7, 8, 9, 10, 11, 12, 13, 14, 15, 16, 17, 18, 19, 20, 21, 22, 23, 24]
8100 = 2^2 * 3^4 * 5^2 [11, 27, 2, 29, 28, 30, 1, 3, 4, 5, 6, 7, 8, 9, 10, 12, 13, 14, 15, 16, 17, 18, 19, 20, 21, 22, 23, 24, 25, 26]
n = 31
9610 = 2 * 5 * 31^2 [10, 31, 4, 1, 2, 3, 5, 6, 7, 8, 9, 11, 12, 13, 14, 15, 16, 17, 18, 19, 20, 21, 22, 23, 24, 25, 26, 27, 28, 29, 30]
8649 = 3^2 * 31^2 [4, 30, 11, 1, 31, 2, 3, 5, 6, 7, 8, 9, 10, 12, 13, 14, 15, 16, 17, 18, 19, 20, 21, 22, 23, 24, 25, 26, 27, 28, 29]
n = 32
10240 = 2^11 * 5 [2, 32, 8, 1, 3, 4, 5, 6, 7, 9, 10, 11, 12, 13, 14, 15, 16, 17, 18, 19, 20, 21, 22, 23, 24, 25, 26, 27, 28, 29, 30, 31]
11264 = 2^10 * 11 [32, 31, 19, 8, 1, 2, 3, 4, 5, 6, 7, 9, 10, 11, 12, 13, 14, 15, 16, 17, 18, 20, 21, 22, 23, 24, 25, 26, 27, 28, 29, 30]
n = 33
10890 = 2 * 3^2 * 5 * 11^2 [13, 30, 1, 31, 32, 33, 2, 3, 4, 5, 6, 7, 8, 9, 10, 11, 12, 14, 15, 16, 17, 18, 19, 20, 21, 22, 23, 24, 25, 26, 27, 28, 29]
11979 = 3^2 * 11^3 [21, 33, 5, 1, 2, 3, 4, 6, 7, 8, 9, 10, 11, 12, 13, 14, 15, 16, 17, 18, 19, 20, 22, 23, 24, 25, 26, 27, 28, 29, 30, 31, 32]
n = 34
12716 = 2^2 * 11 * 17^2 [1, 22, 27, 23, 24, 25, 26, 28, 29, 30, 31, 32, 33, 34, 2, 3, 4, 5, 6, 7, 8, 9, 10, 11, 12, 13, 14, 15, 16, 17, 18, 19, 20, 21]
11560 = 2^3 * 5 * 17^2 [2, 32, 14, 1, 33, 34, 3, 4, 5, 6, 7, 8, 9, 10, 11, 12, 13, 15, 16, 17, 18, 19, 20, 21, 22, 23, 24, 25, 26, 27, 28, 29, 30, 31]
n = 35
13475 = 5^2 * 7^2 * 11 [35, 30, 2, 32, 31, 33, 34, 1, 3, 4, 5, 6, 7, 8, 9, 10, 11, 12, 13, 14, 15, 16, 17, 18, 19, 20, 21, 22, 23, 24, 25, 26, 27, 28, 29]
14700 = 2^2 * 3 * 5^2 * 7^2 [35, 34, 20, 8, 2, 1, 3, 4, 5, 6, 7, 9, 10, 11, 12, 13, 14, 15, 16, 17, 18, 19, 21, 22, 23, 24, 25, 26, 27, 28, 29, 30, 31, 32, 33]
n = 36
15552 = 2^6 * 3^5 [35, 31, 33, 32, 34, 36, 1, 2, 3, 4, 5, 6, 7, 8, 9, 10, 11, 12, 13, 14, 15, 16, 17, 18, 19, 20, 21, 22, 23, 24, 25, 26, 27, 28, 29, 30]
14256 = 2^4 * 3^4 * 11 [12, 35, 7, 36, 1, 2, 3, 4, 5, 6, 8, 9, 10, 11, 13, 14, 15, 16, 17, 18, 19, 20, 21, 22, 23, 24, 25, 26, 27, 28, 29, 30, 31, 32, 33, 34]
n = 37
16428 = 2^2 * 3 * 37^2 [10, 37, 9, 1, 2, 3, 4, 5, 6, 7, 8, 11, 12, 13, 14, 15, 16, 17, 18, 19, 20, 21, 22, 23, 24, 25, 26, 27, 28, 29, 30, 31, 32, 33, 34, 35, 36]
15059 = 11 * 37^2 [5, 36, 18, 1, 37, 2, 3, 4, 6, 7, 8, 9, 10, 11, 12, 13, 14, 15, 16, 17, 19, 20, 21, 22, 23, 24, 25, 26, 27, 28, 29, 30, 31, 32, 33, 34, 35]
n = 38
17328 = 2^4 * 3 * 19^2 [5, 38, 3, 1, 2, 4, 6, 7, 8, 9, 10, 11, 12, 13, 14, 15, 16, 17, 18, 19, 20, 21, 22, 23, 24, 25, 26, 27, 28, 29, 30, 31, 32, 33, 34, 35, 36, 37]
18772 = 2^2 * 13 * 19^2 [38, 37, 22, 10, 1, 2, 3, 4, 5, 6, 7, 8, 9, 11, 12, 13, 14, 15, 16, 17, 18, 19, 20, 21, 23, 24, 25, 26, 27, 28, 29, 30, 31, 32, 33, 34, 35, 36]
n = 39
19773 = 3^2 * 13^3 [2, 6, 10, 7, 8, 9, 11, 12, 13, 14, 15, 16, 17, 18, 19, 20, 21, 22, 23, 24, 25, 26, 27, 28, 29, 30, 31, 32, 33, 34, 35, 36, 37, 38, 39, 1, 3, 4, 5]
18252 = 2^2 * 3^3 * 13^2 [12, 34, 1, 35, 36, 37, 38, 39, 2, 3, 4, 5, 6, 7, 8, 9, 10, 11, 13, 14, 15, 16, 17, 18, 19, 20, 21, 22, 23, 24, 25, 26, 27, 28, 29, 30, 31, 32, 33]
n = 40
20800 = 2^6 * 5^2 * 13 [2, 26, 29, 27, 28, 30, 31, 32, 33, 34, 35, 36, 37, 38, 39, 40, 1, 3, 4, 5, 6, 7, 8, 9, 10, 11, 12, 13, 14, 15, 16, 17, 18, 19, 20, 21, 22, 23, 24, 25]
19200 = 2^8 * 3 * 5^2 [8, 39, 5, 4, 40, 1, 2, 3, 6, 7, 9, 10, 11, 12, 13, 14, 15, 16, 17, 18, 19, 20, 21, 22, 23, 24, 25, 26, 27, 28, 29, 30, 31, 32, 33, 34, 35, 36, 37, 38]
n = 41
21853 = 13 * 41^2 [30, 40, 8, 41, 1, 2, 3, 4, 5, 6, 7, 9, 10, 11, 12, 13, 14, 15, 16, 17, 18, 19, 20, 21, 22, 23, 24, 25, 26, 27, 28, 29, 31, 32, 33, 34, 35, 36, 37, 38, 39]
20172 = 2^2 * 3 * 41^2 [6, 39, 23, 41, 1, 40, 2, 3, 4, 5, 7, 8, 9, 10, 11, 12, 13, 14, 15, 16, 17, 18, 19, 20, 21, 22, 24, 25, 26, 27, 28, 29, 30, 31, 32, 33, 34, 35, 36, 37, 38]
n = 42
22932 = 2^2 * 3^2 * 7^2 * 13 [23, 40, 1, 41, 42, 2, 3, 4, 5, 6, 7, 8, 9, 10, 11, 12, 13, 14, 15, 16, 17, 18, 19, 20, 21, 22, 24, 25, 26, 27, 28, 29, 30, 31, 32, 33, 34, 35, 36, 37, 38, 39]
24696 = 2^3 * 3^2 * 7^3 [2, 7, 10, 8, 9, 11, 12, 13, 14, 15, 16, 17, 18, 19, 20, 21, 22, 23, 24, 25, 26, 27, 28, 29, 30, 31, 32, 33, 34, 35, 36, 37, 38, 39, 40, 41, 42, 1, 3, 4, 5, 6]
n = 43
25886 = 2 * 7 * 43^2 [1, 21, 39, 22, 23, 24, 25, 26, 27, 28, 29, 30, 31, 32, 33, 34, 35, 36, 37, 38, 40, 41, 42, 43, 2, 3, 4, 5, 6, 7, 8, 9, 10, 11, 12, 13, 14, 15, 16, 17, 18, 19, 20]
24037 = 13 * 43^2 [10, 42, 6, 1, 43, 2, 3, 4, 5, 7, 8, 9, 11, 12, 13, 14, 15, 16, 17, 18, 19, 20, 21, 22, 23, 24, 25, 26, 27, 28, 29, 30, 31, 32, 33, 34, 35, 36, 37, 38, 39, 40, 41]
n = 44
27104 = 2^5 * 7 * 11^2 [44, 8, 14, 9, 10, 11, 12, 13, 15, 16, 17, 18, 19, 20, 21, 22, 23, 24, 25, 26, 27, 28, 29, 30, 31, 32, 33, 34, 35, 36, 37, 38, 39, 40, 41, 42, 43, 1, 2, 3, 4, 5, 6, 7]
25168 = 2^4 * 11^2 * 13 [2, 43, 3, 6, 1, 44, 4, 5, 7, 8, 9, 10, 11, 12, 13, 14, 15, 16, 17, 18, 19, 20, 21, 22, 23, 24, 25, 26, 27, 28, 29, 30, 31, 32, 33, 34, 35, 36, 37, 38, 39, 40, 41, 42]
n = 45
30375 = 3^5 * 5^3 [44, 40, 42, 43, 41, 45, 1, 2, 3, 4, 5, 6, 7, 8, 9, 10, 11, 12, 13, 14, 15, 16, 17, 18, 19, 20, 21, 22, 23, 24, 25, 26, 27, 28, 29, 30, 31, 32, 33, 34, 35, 36, 37, 38, 39]
28350 = 2 * 3^4 * 5^2 * 7 [22, 44, 8, 2, 45, 1, 3, 4, 5, 6, 7, 9, 10, 11, 12, 13, 14, 15, 16, 17, 18, 19, 20, 21, 23, 24, 25, 26, 27, 28, 29, 30, 31, 32, 33, 34, 35, 36, 37, 38, 39, 40, 41, 42, 43]
n = 46
31740 = 2^2 * 3 * 5 * 23^2 [2, 26, 40, 27, 28, 29, 30, 31, 32, 33, 34, 35, 36, 37, 38, 39, 41, 42, 43, 44, 45, 46, 1, 3, 4, 5, 6, 7, 8, 9, 10, 11, 12, 13, 14, 15, 16, 17, 18, 19, 20, 21, 22, 23, 24, 25]
29624 = 2^3 * 7 * 23^2 [2, 39, 1, 43, 40, 41, 42, 44, 45, 46, 3, 4, 5, 6, 7, 8, 9, 10, 11, 12, 13, 14, 15, 16, 17, 18, 19, 20, 21, 22, 23, 24, 25, 26, 27, 28, 29, 30, 31, 32, 33, 34, 35, 36, 37, 38]
n = 47
33135 = 3 * 5 * 47^2 [2, 41, 46, 42, 43, 44, 45, 47, 1, 3, 4, 5, 6, 7, 8, 9, 10, 11, 12, 13, 14, 15, 16, 17, 18, 19, 20, 21, 22, 23, 24, 25, 26, 27, 28, 29, 30, 31, 32, 33, 34, 35, 36, 37, 38, 39, 40]
35344 = 2^4 * 47^2 [47, 46, 29, 12, 1, 2, 3, 4, 5, 6, 7, 8, 9, 10, 11, 13, 14, 15, 16, 17, 18, 19, 20, 21, 22, 23, 24, 25, 26, 27, 28, 30, 31, 32, 33, 34, 35, 36, 37, 38, 39, 40, 41, 42, 43, 44, 45]
n = 48
36864 = 2^12 * 3^2 [48, 40, 43, 41, 42, 44, 45, 46, 47, 1, 2, 3, 4, 5, 6, 7, 8, 9, 10, 11, 12, 13, 14, 15, 16, 17, 18, 19, 20, 21, 22, 23, 24, 25, 26, 27, 28, 29, 30, 31, 32, 33, 34, 35, 36, 37, 38, 39]
34560 = 2^8 * 3^3 * 5 [1, 37, 4, 38, 39, 40, 41, 42, 43, 44, 45, 46, 47, 48, 2, 3, 5, 6, 7, 8, 9, 10, 11, 12, 13, 14, 15, 16, 17, 18, 19, 20, 21, 22, 23, 24, 25, 26, 27, 28, 29, 30, 31, 32, 33, 34, 35, 36]
n = 49
38416 = 2^4 * 7^4 [11, 49, 24, 1, 2, 3, 4, 5, 6, 7, 8, 9, 10, 12, 13, 14, 15, 16, 17, 18, 19, 20, 21, 22, 23, 25, 26, 27, 28, 29, 30, 31, 32, 33, 34, 35, 36, 37, 38, 39, 40, 41, 42, 43, 44, 45, 46, 47, 48]
36015 = 3 * 5 * 7^4 [6, 46, 11, 1, 47, 48, 49, 2, 3, 4, 5, 7, 8, 9, 10, 12, 13, 14, 15, 16, 17, 18, 19, 20, 21, 22, 23, 24, 25, 26, 27, 28, 29, 30, 31, 32, 33, 34, 35, 36, 37, 38, 39, 40, 41, 42, 43, 44, 45]
n = 50
40000 = 2^6 * 5^4 [19, 38, 1, 39, 40, 41, 42, 43, 44, 45, 46, 47, 48, 49, 50, 2, 3, 4, 5, 6, 7, 8, 9, 10, 11, 12, 13, 14, 15, 16, 17, 18, 20, 21, 22, 23, 24, 25, 26, 27, 28, 29, 30, 31, 32, 33, 34, 35, 36, 37]
42500 = 2^2 * 5^4 * 17 [50, 49, 30, 13, 1, 2, 3, 4, 5, 6, 7, 8, 9, 10, 11, 12, 14, 15, 16, 17, 18, 19, 20, 21, 22, 23, 24, 25, 26, 27, 28, 29, 31, 32, 33, 34, 35, 36, 37, 38, 39, 40, 41, 42, 43, 44, 45, 46, 47, 48]
